	mean	sd	MC_error	val2.5pc	median	val97.5pc	start	sample
	RR[1]	1.068	0.397	0.005607	0.4581	1.013	2.02	20000	20002
	RR[2]	1.571	0.1596	0.001489	1.273	1.567	1.905	20000	20002
	RR[3]	0.7841	0.3012	0.003547	0.2934	0.7531	1.463	20000	20002
	RR[4]	1.165	0.4478	0.002981	0.526	1.084	2.265	20000	20002
	RR[5]	0.9793	0.4083	0.005119	0.3732	0.9197	1.944	20000	20002
	RR[6]	1.047	0.3295	0.003977	0.5131	1.006	1.804	20000	20002
	RR[7]	1.26	0.4728	0.005928	0.6299	1.161	2.459	20000	20002
	RR[8]	1.201	0.4106	0.003688	0.582	1.136	2.19	20000	20002
	RR[9]	0.7418	0.4074	0.00327	0.1717	0.6711	1.74	20000	20002
	RR[10]	1.59	0.7301	0.01016	0.6593	1.429	3.43	20000	20002
	RR[11]	0.8231	0.3431	0.003778	0.2916	0.7809	1.613	20000	20002
	RR[12]	0.6787	0.305	0.002383	0.2115	0.6371	1.397	20000	20002
	RR[13]	0.9736	0.3354	0.004396	0.4378	0.9346	1.748	20000	20002
	RR[14]	0.8368	0.3078	0.003531	0.3372	0.8024	1.535	20000	20002
	RR[15]	0.924	0.3953	0.003008	0.3607	0.8596	1.909	20000	20002
	RR[16]	0.8547	0.303	0.004117	0.3588	0.8248	1.548	20000	20002
	RR[17]	0.9214	0.3641	0.003642	0.3681	0.8672	1.791	20000	20002
	RR[18]	0.9898	0.363	0.002975	0.4658	0.9267	1.884	20000	20002
	RR[19]	0.9562	0.3375	0.003062	0.4265	0.9155	1.753	20000	20002
	RR[20]	1.014	0.4512	0.005295	0.3821	0.9331	2.123	20000	20002
	RR[21]	0.8212	0.2937	0.003677	0.3405	0.7916	1.483	20000	20002
	RR[22]	1.064	0.3406	0.004005	0.5212	1.024	1.85	20000	20002
	RR[23]	1.733	0.7662	0.01335	0.705	1.577	3.634	20000	20002
	RR[24]	0.8679	0.3693	0.005823	0.3	0.8176	1.734	20000	20002
	RR[25]	1.16	0.4386	0.003325	0.5261	1.085	2.232	20000	20002
	RR[26]	0.8471	0.3296	0.002892	0.3396	0.8006	1.619	20000	20002
	RR[27]	0.7233	0.2839	0.002315	0.2775	0.6893	1.374	20000	20002
	RR[28]	0.8723	0.322	0.002382	0.3805	0.8273	1.646	20000	20002
	RR[29]	1.035	0.4806	0.006495	0.3625	0.946	2.232	20000	20002
	RR[30]	0.7942	0.2943	0.002363	0.3362	0.7543	1.505	20000	20002
	RR[31]	1.031	0.4445	0.004492	0.4327	0.9462	2.134	20000	20002
	RR[32]	0.67	0.2898	0.002449	0.2275	0.632	1.349	20000	20002
	RR[33]	0.6803	0.2875	0.002711	0.2279	0.6453	1.338	20000	20002
	RR[34]	0.8781	0.3242	0.002461	0.3765	0.8348	1.652	20000	20002
	RR[35]	0.6641	0.2245	0.002003	0.2976	0.6404	1.172	20000	20002
	RR[36]	0.7176	0.2346	0.002263	0.3236	0.6968	1.238	20000	20002
	RR[37]	0.9733	0.2496	0.001827	0.5537	0.949	1.535	20000	20002
	RR[38]	0.7194	0.2604	0.002255	0.3022	0.6876	1.322	20000	20002
	RR[39]	0.7444	0.2891	0.002366	0.297	0.7089	1.435	20000	20002
	RR[40]	0.8093	0.3174	0.002734	0.3148	0.7692	1.55	20000	20002
	RR[41]	0.7265	0.3775	0.003323	0.1863	0.6648	1.647	20000	20002
	RR[42]	0.7449	0.2721	0.002328	0.3069	0.7135	1.361	20000	20002
	RR[43]	1.055	0.3778	0.003083	0.4895	0.9972	1.967	20000	20002
	RR[44]	0.8444	0.3811	0.004789	0.3247	0.7744	1.803	20000	20002
	RR[45]	0.7183	0.4104	0.004519	0.1803	0.6435	1.737	20000	20002
	RR[46]	0.5294	0.2687	0.004283	0.1387	0.489	1.159	20000	20002
	RR[47]	0.6441	0.2636	0.002869	0.2372	0.6087	1.258	20000	20002
	RR[48]	0.6475	0.3442	0.004186	0.1715	0.5857	1.477	20000	20002
	RR[49]	0.6316	0.2287	0.003225	0.2784	0.599	1.161	20000	20002
	RR[50]	0.702	0.2906	0.002513	0.2619	0.6634	1.382	20000	20002
	RR[51]	0.9488	0.356	0.006646	0.457	0.8824	1.842	20000	20002
	RR[52]	0.7017	0.305	0.002724	0.2487	0.6575	1.42	20000	20002
	RR[53]	0.6841	0.3035	0.004368	0.246	0.6353	1.412	20000	20002
	RR[54]	0.6953	0.2917	0.002261	0.2438	0.6559	1.393	20000	20002
	RR[55]	0.7804	0.3798	0.004408	0.2633	0.7141	1.714	20000	20002
	RR[56]	0.6231	0.242	0.002706	0.2479	0.5912	1.186	20000	20002
	RR[57]	0.6629	0.2641	0.002497	0.2489	0.6276	1.28	20000	20002
	RR[58]	0.6778	0.3271	0.00591	0.2217	0.6207	1.48	20000	20002
	RR[59]	0.7858	0.3647	0.005175	0.2829	0.7235	1.687	20000	20002
	RR[60]	0.6369	0.2417	0.003579	0.2629	0.6034	1.204	20000	20002
	RR[61]	0.6495	0.2874	0.003556	0.2282	0.6038	1.339	20000	20002
	RR[62]	0.7319	0.3184	0.004111	0.2819	0.6788	1.498	20000	20002
	RR[63]	0.743	0.3462	0.003563	0.2578	0.6842	1.589	20000	20002
	RR[64]	0.8387	0.3984	0.006715	0.3314	0.7561	1.856	20000	20002
	RR[65]	0.7178	0.296	0.002395	0.2653	0.6796	1.424	20000	20002
	RR[66]	0.5637	0.2051	0.002085	0.2258	0.543	1.024	20000	20002
	RR[67]	0.9479	0.4296	0.004923	0.3958	0.8628	2.032	20000	20002
	RR[68]	0.7477	0.3389	0.004845	0.2746	0.6897	1.577	20000	20002
	RR[69]	0.6659	0.2599	0.003205	0.2716	0.6307	1.271	20000	20002
	RR[70]	0.5797	0.2745	0.004043	0.1755	0.5381	1.229	20000	20002
	alpha	-0.1349	0.058	8.01E-4	-0.2534	-0.1327	-0.02677	20000	20002
	sigma2.u	0.3118	0.3365	0.01144	2.055E-4	0.2181	1.174	20000	20002
	sigma2.v	0.1	0.1148	0.003836	1.516E-4	0.06254	0.3968	20000	20002
	tau.u	444.4	1978.0	62.11	0.8515	4.585	4865.0	20000	20002
	tau.v	633.6	2401.0	65.01	2.52	15.99	6596.0	20000	20002

Thinning = 15

	Dbar	Dhat	DIC	pD	
O	206.6	202.8	210.5	3.859
total	206.6	202.8	210.5	3.859

Overall mean is now significantly below 1 (RR)
