	mean	sd	MC_error	val2.5pc	median	val97.5pc	start	sample
	C[1]	0.925	0.03542	0.001247	0.8404	0.9322	0.9719	10001	20000
	C[2]	0.998	0.001056	3.625E-5	0.9954	0.9982	0.9993	10001	20000
	C[3]	0.9151	0.03949	0.001394	0.8211	0.923	0.9679	10001	20000
	C[4]	0.9428	0.02775	9.717E-4	0.8761	0.9487	0.9789	10001	20000
	C[5]	0.8996	0.04562	0.001618	0.7917	0.9085	0.9615	10001	20000
	C[6]	0.9703	0.01504	5.218E-4	0.9339	0.9736	0.9893	10001	20000
	C[7]	0.9457	0.02649	9.266E-4	0.8819	0.9513	0.98	10001	20000
	C[8]	0.9564	0.02161	7.532E-4	0.9043	0.9611	0.9841	10001	20000
	C[9]	0.9281	0.03413	0.001201	0.8464	0.9351	0.9731	10001	20000
	C[10]	0.9033	0.0442	0.001566	0.7985	0.9119	0.963	10001	20000
	C[11]	0.883	0.05185	0.001847	0.7611	0.8928	0.9544	10001	20000
	C[12]	0.9368	0.03041	0.001067	0.8638	0.9431	0.9766	10001	20000
	C[13]	0.9611	0.01942	6.759E-4	0.9142	0.9653	0.9859	10001	20000
	C[14]	0.9428	0.02778	9.729E-4	0.876	0.9486	0.9789	10001	20000
	C[15]	0.8467	0.06435	0.002313	0.6978	0.8578	0.9382	10001	20000
	C[16]	0.9629	0.01858	6.464E-4	0.918	0.9669	0.9866	10001	20000
	C[17]	0.8982	0.04617	0.001638	0.789	0.9071	0.9609	10001	20000
	C[18]	0.933	0.03203	0.001125	0.8563	0.9396	0.9751	10001	20000
	C[19]	0.9307	0.03302	0.001161	0.8516	0.9375	0.9742	10001	20000
	C[20]	0.8735	0.05529	0.001974	0.744	0.8836	0.9503	10001	20000
	C[21]	0.9467	0.02601	9.096E-4	0.8841	0.9522	0.9805	10001	20000
	C[22]	0.9688	0.01575	5.467E-4	0.9307	0.9723	0.9888	10001	20000
	C[23]	0.9267	0.03472	0.001222	0.8437	0.9338	0.9726	10001	20000
	C[24]	0.9051	0.04348	0.00154	0.802	0.9137	0.9638	10001	20000
	C[25]	0.9129	0.0404	0.001427	0.8168	0.9209	0.967	10001	20000
	C[26]	0.9233	0.03615	0.001273	0.8369	0.9306	0.9712	10001	20000
	C[27]	0.9036	0.04406	0.001561	0.7992	0.9123	0.9632	10001	20000
	C[28]	0.9439	0.02726	9.541E-4	0.8784	0.9497	0.9794	10001	20000
	C[29]	0.9446	0.02695	9.432E-4	0.8798	0.9503	0.9796	10001	20000
	C[30]	0.9153	0.03943	0.001392	0.8214	0.9232	0.968	10001	20000
	C[31]	0.908	0.04234	0.001498	0.8075	0.9164	0.965	10001	20000
	C[32]	0.9341	0.03155	0.001108	0.8585	0.9407	0.9755	10001	20000
	C[33]	0.9468	0.02598	9.086E-4	0.8843	0.9523	0.9805	10001	20000
	C[34]	0.9411	0.0285	9.983E-4	0.8727	0.9471	0.9783	10001	20000
	C[35]	0.9714	0.01451	5.034E-4	0.9362	0.9746	0.9897	10001	20000
	C[36]	0.9706	0.01492	5.175E-4	0.9344	0.9738	0.9894	10001	20000
	C[37]	0.9871	0.006713	2.315E-4	0.9708	0.9886	0.9954	10001	20000
	C[38]	0.9466	0.02608	9.123E-4	0.8838	0.9521	0.9804	10001	20000
	C[39]	0.9348	0.03126	0.001097	0.8598	0.9413	0.9758	10001	20000
	C[40]	0.9348	0.03128	0.001098	0.8598	0.9412	0.9758	10001	20000
	C[41]	0.8805	0.05276	0.00188	0.7566	0.8904	0.9533	10001	20000
	C[42]	0.9473	0.02575	9.003E-4	0.8853	0.9528	0.9807	10001	20000
	C[43]	0.9576	0.02107	7.344E-4	0.9067	0.9621	0.9846	10001	20000
	C[44]	0.9064	0.04297	0.001521	0.8045	0.9149	0.9643	10001	20000
	C[45]	0.669	0.1054	0.003918	0.4473	0.6789	0.8418	10001	20000
	C[46]	0.9418	0.02823	9.888E-4	0.8739	0.9477	0.9785	10001	20000
	C[47]	0.9163	0.03902	0.001377	0.8233	0.9241	0.9684	10001	20000
	C[48]	0.8713	0.05605	0.002002	0.7402	0.8816	0.9493	10001	20000
	C[49]	0.9667	0.01676	5.823E-4	0.9262	0.9704	0.988	10001	20000
	C[50]	0.8937	0.04788	0.001701	0.7806	0.9029	0.959	10001	20000
	C[51]	0.9568	0.02143	7.468E-4	0.9051	0.9614	0.9843	10001	20000
	C[52]	0.8733	0.05533	0.001976	0.7438	0.8835	0.9502	10001	20000
	C[53]	0.9213	0.03698	0.001303	0.833	0.9287	0.9704	10001	20000
	C[54]	0.9262	0.03494	0.00123	0.8426	0.9333	0.9724	10001	20000
	C[55]	0.8718	0.05588	0.001996	0.7411	0.882	0.9495	10001	20000
	C[56]	0.9238	0.03592	0.001265	0.838	0.9311	0.9714	10001	20000
	C[57]	0.9126	0.04051	0.001431	0.8162	0.9207	0.9669	10001	20000
	C[58]	0.8898	0.04935	0.001755	0.7735	0.8992	0.9573	10001	20000
	C[59]	0.8368	0.06749	0.002431	0.6814	0.8482	0.9336	10001	20000
	C[60]	0.9642	0.01795	6.24E-4	0.9208	0.9681	0.9871	10001	20000
	C[61]	0.8897	0.04938	0.001756	0.7733	0.8991	0.9573	10001	20000
	C[62]	0.9054	0.04338	0.001536	0.8025	0.9139	0.9639	10001	20000
	C[63]	0.907	0.04276	0.001513	0.8055	0.9154	0.9646	10001	20000
	C[64]	0.8758	0.05446	0.001943	0.7482	0.8859	0.9513	10001	20000
	C[65]	0.8846	0.05127	0.001825	0.764	0.8943	0.9551	10001	20000
	C[66]	0.9727	0.01388	4.813E-4	0.9391	0.9758	0.9902	10001	20000
	C[67]	0.8572	0.06087	0.002182	0.7158	0.8681	0.943	10001	20000
	C[68]	0.8799	0.05299	0.001889	0.7555	0.8898	0.9531	10001	20000
	C[69]	0.9445	0.02703	9.461E-4	0.8794	0.9501	0.9796	10001	20000
	C[70]	0.9229	0.0363	0.001279	0.8363	0.9303	0.9711	10001	20000
	RR[1]	0.9321	0.3443	0.002499	0.3843	0.8885	1.735	10001	20000
	RR[2]	1.568	0.1483	0.001603	1.294	1.562	1.875	10001	20000
	RR[3]	0.7091	0.3065	0.00344	0.2099	0.6776	1.4	10001	20000
	RR[4]	1.092	0.3674	0.003812	0.5144	1.041	1.945	10001	20000
	RR[5]	0.8638	0.3425	0.0027	0.3142	0.8235	1.664	10001	20000
	RR[6]	0.9667	0.2981	0.00227	0.4802	0.9348	1.649	10001	20000
	RR[7]	1.299	0.4189	0.006293	0.6636	1.24	2.279	10001	20000
	RR[8]	1.117	0.36	0.004066	0.5499	1.07	1.958	10001	20000
	RR[9]	0.8048	0.3151	0.002628	0.2927	0.7701	1.52	10001	20000
	RR[10]	1.236	0.4408	0.006509	0.576	1.165	2.303	10001	20000
	RR[11]	0.7497	0.3244	0.003185	0.224	0.7174	1.483	10001	20000
	RR[12]	0.6654	0.2885	0.003854	0.1857	0.6414	1.309	10001	20000
	RR[13]	0.8749	0.2995	0.002117	0.3871	0.8425	1.553	10001	20000
	RR[14]	0.7622	0.2984	0.00267	0.2681	0.733	1.449	10001	20000
	RR[15]	0.9196	0.3712	0.00266	0.3441	0.8725	1.807	10001	20000
	RR[16]	0.7655	0.2799	0.002343	0.3019	0.7364	1.402	10001	20000
	RR[17]	0.8679	0.3437	0.002542	0.3152	0.8258	1.66	10001	20000
	RR[18]	1.025	0.3584	0.003343	0.4645	0.9813	1.859	10001	20000
	RR[19]	0.9211	0.3397	0.002543	0.379	0.8813	1.715	10001	20000
	RR[20]	0.8939	0.3618	0.003024	0.3324	0.8447	1.744	10001	20000
	RR[21]	0.7466	0.2936	0.00285	0.2554	0.7181	1.399	10001	20000
	RR[22]	0.9884	0.3049	0.002361	0.4906	0.9532	1.685	10001	20000
	RR[23]	1.289	0.4366	0.006419	0.6288	1.222	2.334	10001	20000
	RR[24]	0.7232	0.3117	0.003226	0.2105	0.6917	1.425	10001	20000
	RR[25]	1.091	0.3929	0.004138	0.4926	1.036	2.02	10001	20000
	RR[26]	0.8185	0.3255	0.002597	0.2992	0.7811	1.562	10001	20000
	RR[27]	0.7286	0.3146	0.003204	0.2138	0.699	1.422	10001	20000
	RR[28]	0.8724	0.3153	0.002488	0.3544	0.8367	1.6	10001	20000
	RR[29]	0.8694	0.3162	0.002262	0.3558	0.835	1.591	10001	20000
	RR[30]	0.834	0.3298	0.002656	0.3019	0.7961	1.613	10001	20000
	RR[31]	1.096	0.3911	0.004245	0.4904	1.043	2.025	10001	20000
	RR[32]	0.675	0.2913	0.003681	0.1883	0.6473	1.319	10001	20000
	RR[33]	0.6405	0.2777	0.004027	0.1789	0.6162	1.253	10001	20000
	RR[34]	0.8788	0.3202	0.002488	0.3659	0.8401	1.615	10001	20000
	RR[35]	0.6978	0.2571	0.002902	0.2706	0.6726	1.272	10001	20000
	RR[36]	0.7067	0.2552	0.002732	0.2793	0.6845	1.268	10001	20000
	RR[37]	0.9839	0.2431	0.001991	0.5691	0.9622	1.527	10001	20000
	RR[38]	0.7463	0.2936	0.002939	0.261	0.7178	1.409	10001	20000
	RR[39]	0.7859	0.3073	0.002528	0.2795	0.7522	1.482	10001	20000
	RR[40]	0.7892	0.3105	0.002586	0.2793	0.7586	1.49	10001	20000
	RR[41]	0.7503	0.3212	0.003025	0.2256	0.7166	1.473	10001	20000
	RR[42]	0.7472	0.2923	0.002698	0.2667	0.7174	1.409	10001	20000
	RR[43]	1.003	0.3328	0.002607	0.4656	0.9622	1.776	10001	20000
	RR[44]	0.9692	0.3616	0.00271	0.4041	0.923	1.818	10001	20000
	RR[45]	0.8321	0.3633	0.002894	0.2604	0.7895	1.685	10001	20000
	RR[46]	0.6555	0.285	0.003849	0.1805	0.6314	1.289	10001	20000
	RR[47]	0.7078	0.3056	0.003686	0.2051	0.6778	1.394	10001	20000
	RR[48]	0.7602	0.3257	0.003155	0.2257	0.727	1.513	10001	20000
	RR[49]	0.7374	0.2662	0.002592	0.2945	0.7126	1.33	10001	20000
	RR[50]	0.7393	0.3166	0.002961	0.2235	0.7067	1.458	10001	20000
	RR[51]	1.108	0.3549	0.003823	0.5481	1.063	1.945	10001	20000
	RR[52]	0.7576	0.3248	0.003021	0.2307	0.7219	1.497	10001	20000
	RR[53]	0.821	0.3252	0.002439	0.2923	0.7825	1.568	10001	20000
	RR[54]	0.6899	0.296	0.003551	0.2008	0.6643	1.351	10001	20000
	RR[55]	0.8931	0.3578	0.002822	0.3276	0.8495	1.715	10001	20000
	RR[56]	0.6937	0.2982	0.003494	0.1966	0.6664	1.353	10001	20000
	RR[57]	0.7098	0.3076	0.003571	0.2098	0.6757	1.403	10001	20000
	RR[58]	0.8742	0.3496	0.002445	0.315	0.8334	1.683	10001	20000
	RR[59]	0.9158	0.3685	0.002768	0.3327	0.8696	1.774	10001	20000
	RR[60]	0.7565	0.2731	0.002577	0.3021	0.7301	1.362	10001	20000
	RR[61]	0.7475	0.3214	0.002932	0.2217	0.7157	1.46	10001	20000
	RR[62]	0.8499	0.3368	0.002727	0.3092	0.8096	1.626	10001	20000
	RR[63]	0.8504	0.3337	0.002467	0.31	0.8125	1.612	10001	20000
	RR[64]	1.026	0.3886	0.003502	0.4213	0.9696	1.942	10001	20000
	RR[65]	0.7499	0.3253	0.002892	0.2273	0.7122	1.492	10001	20000
	RR[66]	0.6002	0.2392	0.003425	0.1961	0.5793	1.122	10001	20000
	RR[67]	1.043	0.4029	0.004141	0.4317	0.982	2.021	10001	20000
	RR[68]	0.8807	0.3496	0.00249	0.3252	0.8382	1.69	10001	20000
	RR[69]	0.7561	0.2942	0.002961	0.2682	0.7304	1.42	10001	20000
	RR[70]	0.6983	0.3018	0.003222	0.2061	0.6694	1.377	10001	20000
	alpha	6.947	3.581	0.1468	2.438	6.099	15.94	10001	20000
	beta	8.039	3.996	0.1638	2.867	7.163	17.9	10001	20000
	mean	0.8634	0.09009	9.091E-4	0.6978	0.8594	1.049	10001	20000
	variance	0.1356	0.07209	0.002474	0.0474	0.1192	0.3114	10001	20000

Thinning = 5

	Dbar	Dhat	DIC	pD	
O	207.9	193.1	222.7	14.84
total	207.9	193.1	222.7	14.84
