	mean	sd	MC_error	val2.5pc	median	val97.5pc	start	sample
	C[1]	0.831	0.05278	8.401E-4	0.7055	0.8386	0.9103	10001	20000
	C[2]	0.995	0.001986	3.092E-5	0.99	0.9954	0.9976	10001	20000
	C[3]	0.8113	0.05724	9.13E-4	0.6762	0.8192	0.8985	10001	20000
	C[4]	0.8679	0.04354	6.902E-4	0.763	0.8747	0.9317	10001	20000
	C[5]	0.7813	0.06341	0.001014	0.6336	0.7895	0.8799	10001	20000
	C[6]	0.9286	0.0257	4.043E-4	0.8654	0.9331	0.9646	10001	20000
	C[7]	0.8739	0.04191	6.639E-4	0.7727	0.8806	0.9351	10001	20000
	C[8]	0.8973	0.03532	5.58E-4	0.8113	0.9032	0.948	10001	20000
	C[9]	0.8372	0.0513	8.16E-4	0.715	0.8448	0.914	10001	20000
	C[10]	0.7883	0.06204	9.917E-4	0.6433	0.7965	0.8843	10001	20000
	C[11]	0.7506	0.06903	0.001107	0.5918	0.7588	0.86	10001	20000
	C[12]	0.8551	0.04686	7.44E-4	0.7427	0.8623	0.9244	10001	20000
	C[13]	0.9077	0.03222	5.082E-4	0.829	0.9132	0.9536	10001	20000
	C[14]	0.8677	0.04358	6.909E-4	0.7627	0.8746	0.9316	10001	20000
	C[15]	0.6875	0.0783	0.001262	0.5124	0.6951	0.8166	10001	20000
	C[16]	0.9117	0.031	4.889E-4	0.8359	0.917	0.9557	10001	20000
	C[17]	0.7786	0.06394	0.001023	0.6298	0.7868	0.8782	10001	20000
	C[18]	0.8473	0.04882	7.758E-4	0.7306	0.8547	0.9199	10001	20000
	C[19]	0.8425	0.05001	7.95E-4	0.7232	0.85	0.9171	10001	20000
	C[20]	0.7335	0.07183	0.001154	0.5695	0.7416	0.8486	10001	20000
	C[21]	0.8762	0.04129	6.539E-4	0.7764	0.8828	0.9364	10001	20000
	C[22]	0.9252	0.02678	4.215E-4	0.8594	0.9299	0.9628	10001	20000
	C[23]	0.8343	0.05198	8.271E-4	0.7106	0.842	0.9123	10001	20000
	C[24]	0.7918	0.06134	9.801E-4	0.6483	0.8	0.8865	10001	20000
	C[25]	0.8069	0.0582	9.286E-4	0.6698	0.8149	0.8958	10001	20000
	C[26]	0.8275	0.0536	8.534E-4	0.7002	0.8352	0.9082	10001	20000
	C[27]	0.789	0.06191	9.895E-4	0.6443	0.7971	0.8847	10001	20000
	C[28]	0.8703	0.04291	6.8E-4	0.7668	0.877	0.933	10001	20000
	C[29]	0.8717	0.04251	6.736E-4	0.7691	0.8785	0.9338	10001	20000
	C[30]	0.8116	0.05717	9.118E-4	0.6767	0.8195	0.8987	10001	20000
	C[31]	0.7974	0.06019	9.612E-4	0.6562	0.8055	0.89	10001	20000
	C[32]	0.8496	0.04825	7.665E-4	0.7341	0.8569	0.9213	10001	20000
	C[33]	0.8764	0.04125	6.533E-4	0.7767	0.883	0.9364	10001	20000
	C[34]	0.8643	0.04449	7.055E-4	0.7572	0.8713	0.9297	10001	20000
	C[35]	0.9311	0.02489	3.915E-4	0.8698	0.9355	0.9659	10001	20000
	C[36]	0.9292	0.02551	4.013E-4	0.8664	0.9336	0.9649	10001	20000
	C[37]	0.9681	0.01214	1.899E-4	0.938	0.9704	0.9846	10001	20000
	C[38]	0.8759	0.04138	6.554E-4	0.7759	0.8825	0.9362	10001	20000
	C[39]	0.851	0.04791	7.609E-4	0.7363	0.8583	0.922	10001	20000
	C[40]	0.851	0.04792	7.611E-4	0.7362	0.8582	0.922	10001	20000
	C[41]	0.7461	0.06979	0.00112	0.5859	0.7543	0.857	10001	20000
	C[42]	0.8775	0.04094	6.484E-4	0.7785	0.884	0.9371	10001	20000
	C[43]	0.8998	0.03458	5.461E-4	0.8156	0.9056	0.9493	10001	20000
	C[44]	0.7943	0.06082	9.716E-4	0.6519	0.8025	0.8881	10001	20000
	C[45]	0.4434	0.08777	0.001437	0.2692	0.4442	0.6095	10001	20000
	C[46]	0.8656	0.04415	7.0E-4	0.7593	0.8725	0.9304	10001	20000
	C[47]	0.8135	0.05674	9.048E-4	0.6796	0.8215	0.8999	10001	20000
	C[48]	0.7296	0.07243	0.001164	0.5646	0.7377	0.846	10001	20000
	C[49]	0.9204	0.02831	4.459E-4	0.8509	0.9253	0.9603	10001	20000
	C[50]	0.7702	0.06553	0.001049	0.6183	0.7785	0.8728	10001	20000
	C[51]	0.8981	0.03507	5.54E-4	0.8127	0.904	0.9484	10001	20000
	C[52]	0.7333	0.07187	0.001154	0.5692	0.7414	0.8485	10001	20000
	C[53]	0.8234	0.05453	8.686E-4	0.6942	0.8312	0.9058	10001	20000
	C[54]	0.8333	0.05223	8.312E-4	0.709	0.8409	0.9117	10001	20000
	C[55]	0.7305	0.0723	0.001162	0.5657	0.7386	0.8466	10001	20000
	C[56]	0.8286	0.05334	8.492E-4	0.7019	0.8363	0.9089	10001	20000
	C[57]	0.8063	0.05831	9.305E-4	0.669	0.8143	0.8955	10001	20000
	C[58]	0.763	0.06685	0.001071	0.6084	0.7712	0.8681	10001	20000
	C[59]	0.6713	0.0802	0.001295	0.4933	0.6787	0.8049	10001	20000
	C[60]	0.9147	0.03007	4.74E-4	0.8411	0.9199	0.9573	10001	20000
	C[61]	0.7628	0.06688	0.001072	0.6082	0.7711	0.868	10001	20000
	C[62]	0.7923	0.06123	9.784E-4	0.649	0.8005	0.8868	10001	20000
	C[63]	0.7953	0.06062	9.683E-4	0.6533	0.8034	0.8887	10001	20000
	C[64]	0.7376	0.07118	0.001143	0.5748	0.7458	0.8514	10001	20000
	C[65]	0.7535	0.06853	0.001099	0.5957	0.7617	0.8619	10001	20000
	C[66]	0.9341	0.02391	3.759E-4	0.8752	0.9383	0.9674	10001	20000
	C[67]	0.7053	0.07598	0.001223	0.534	0.7132	0.8292	10001	20000
	C[68]	0.7449	0.06998	0.001123	0.5844	0.7531	0.8563	10001	20000
	C[69]	0.8713	0.04262	6.753E-4	0.7685	0.8781	0.9336	10001	20000
	C[70]	0.8267	0.05376	8.561E-4	0.6992	0.8345	0.9078	10001	20000
	RR[1]	0.9935	0.4903	0.003486	0.2796	0.911	2.169	10001	20000
	RR[2]	1.619	0.1507	0.001112	1.335	1.615	1.924	10001	20000
	RR[3]	0.5589	0.3732	0.002856	0.06906	0.483	1.488	10001	20000
	RR[4]	1.29	0.528	0.004048	0.4789	1.215	2.531	10001	20000
	RR[5]	0.8548	0.4796	0.003433	0.1837	0.7692	2.022	10001	20000
	RR[6]	1.029	0.3853	0.002708	0.4217	0.9808	1.926	10001	20000
	RR[7]	1.663	0.6058	0.004943	0.717	1.578	3.076	10001	20000
	RR[8]	1.291	0.4866	0.003951	0.5338	1.227	2.412	10001	20000
	RR[9]	0.7513	0.4115	0.00269	0.1638	0.6813	1.758	10001	20000
	RR[10]	1.629	0.6856	0.005665	0.6105	1.52	3.251	10001	20000
	RR[11]	0.6317	0.4208	0.002968	0.08029	0.5448	1.682	10001	20000
	RR[12]	0.4996	0.3342	0.002475	0.0598	0.4338	1.327	10001	20000
	RR[13]	0.8837	0.3865	0.002892	0.2991	0.8294	1.8	10001	20000
	RR[14]	0.6787	0.3792	0.002644	0.143	0.6109	1.603	10001	20000
	RR[15]	0.9765	0.5498	0.003945	0.2129	0.8756	2.301	10001	20000
	RR[16]	0.6942	0.336	0.002434	0.2008	0.6427	1.482	10001	20000
	RR[17]	0.859	0.4807	0.003248	0.1882	0.7745	2.048	10001	20000
	RR[18]	1.176	0.5227	0.003953	0.3977	1.099	2.404	10001	20000
	RR[19]	0.967	0.4786	0.003514	0.2795	0.8874	2.12	10001	20000
	RR[20]	0.9228	0.5136	0.003732	0.2035	0.8274	2.168	10001	20000
	RR[21]	0.6581	0.3661	0.002707	0.1423	0.5944	1.537	10001	20000
	RR[22]	1.066	0.3946	0.003108	0.4379	1.018	1.969	10001	20000
	RR[23]	1.68	0.6538	0.005719	0.6785	1.584	3.195	10001	20000
	RR[24]	0.5858	0.3906	0.002925	0.0751	0.509	1.55	10001	20000
	RR[25]	1.305	0.5891	0.004206	0.4242	1.214	2.695	10001	20000
	RR[26]	0.7748	0.4328	0.002846	0.1644	0.7011	1.812	10001	20000
	RR[27]	0.5845	0.3895	0.002861	0.07063	0.508	1.541	10001	20000
	RR[28]	0.8746	0.4267	0.003269	0.2508	0.8049	1.887	10001	20000
	RR[29]	0.8682	0.4251	0.003206	0.2405	0.8003	1.879	10001	20000
	RR[30]	0.8074	0.4503	0.003042	0.1796	0.7258	1.916	10001	20000
	RR[31]	1.33	0.5983	0.004903	0.4442	1.236	2.732	10001	20000
	RR[32]	0.5039	0.3391	0.002615	0.06108	0.4348	1.334	10001	20000
	RR[33]	0.4544	0.3069	0.002505	0.05208	0.3911	1.2	10001	20000
	RR[34]	0.8924	0.4369	0.002773	0.2557	0.8216	1.937	10001	20000
	RR[35]	0.5963	0.2869	0.002165	0.1682	0.5538	1.266	10001	20000
	RR[36]	0.6061	0.2905	0.002399	0.1706	0.5625	1.292	10001	20000
	RR[37]	1.02	0.277	0.001941	0.5539	0.9922	1.632	10001	20000
	RR[38]	0.6544	0.3647	0.002724	0.1359	0.5917	1.532	10001	20000
	RR[39]	0.7227	0.4002	0.002928	0.1596	0.6523	1.677	10001	20000
	RR[40]	0.7256	0.4055	0.00287	0.1549	0.652	1.706	10001	20000
	RR[41]	0.6332	0.4258	0.003052	0.07946	0.5471	1.69	10001	20000
	RR[42]	0.6519	0.3604	0.002574	0.1402	0.5916	1.505	10001	20000
	RR[43]	1.108	0.4468	0.003104	0.4263	1.045	2.153	10001	20000
	RR[44]	1.086	0.5336	0.00395	0.3121	0.9966	2.375	10001	20000
	RR[45]	0.7829	0.529	0.003333	0.09839	0.6722	2.114	10001	20000
	RR[46]	0.4809	0.3243	0.002726	0.05587	0.4141	1.279	10001	20000
	RR[47]	0.5592	0.3743	0.002818	0.06775	0.4844	1.482	10001	20000
	RR[48]	0.6487	0.439	0.0032	0.07881	0.5593	1.726	10001	20000
	RR[49]	0.6551	0.316	0.002477	0.1858	0.6061	1.408	10001	20000
	RR[50]	0.614	0.4116	0.002889	0.07565	0.5322	1.629	10001	20000
	RR[51]	1.289	0.4885	0.003811	0.5265	1.228	2.412	10001	20000
	RR[52]	0.6439	0.4284	0.002975	0.08136	0.5564	1.702	10001	20000
	RR[53]	0.7767	0.4305	0.002996	0.1705	0.6991	1.824	10001	20000
	RR[54]	0.5294	0.3531	0.002819	0.06505	0.4554	1.408	10001	20000
	RR[55]	0.9292	0.5188	0.003914	0.2074	0.8368	2.181	10001	20000
	RR[56]	0.5373	0.3615	0.00279	0.06698	0.4613	1.421	10001	20000
	RR[57]	0.5638	0.3804	0.002912	0.06962	0.4855	1.505	10001	20000
	RR[58]	0.8906	0.5005	0.003714	0.196	0.7989	2.096	10001	20000
	RR[59]	0.9897	0.5615	0.004028	0.2155	0.8819	2.361	10001	20000
	RR[60]	0.6886	0.3339	0.002378	0.1935	0.6371	1.48	10001	20000
	RR[61]	0.6163	0.4116	0.002989	0.07466	0.5357	1.65	10001	20000
	RR[62]	0.8367	0.4661	0.003407	0.1892	0.7511	1.972	10001	20000
	RR[63]	0.8374	0.4665	0.003157	0.1843	0.7532	1.994	10001	20000
	RR[64]	1.21	0.6008	0.004585	0.3467	1.102	2.648	10001	20000
	RR[65]	0.6235	0.4163	0.003148	0.07773	0.5374	1.67	10001	20000
	RR[66]	0.4464	0.2504	0.002036	0.09335	0.4016	1.047	10001	20000
	RR[67]	1.261	0.6342	0.00485	0.3653	1.149	2.804	10001	20000
	RR[68]	0.91	0.5123	0.003676	0.1997	0.8172	2.165	10001	20000
	RR[69]	0.666	0.3715	0.002594	0.1421	0.6018	1.565	10001	20000
	RR[70]	0.5424	0.3664	0.002726	0.06472	0.4673	1.465	10001	20000
	alpha	2.422	0.7393	0.01461	1.276	2.317	4.142	10001	20000
	beta	2.828	0.8872	0.017	1.431	2.708	4.84	10001	20000
	mean	0.8658	0.1067	7.932E-4	0.6735	0.8608	1.09	10001	20000
	variance	0.342	0.1366	0.002125	0.1615	0.3153	0.6842	10001	20000

Thinning = 5

	Dbar	Dhat	DIC	pD	
O	198.0	173.8	222.3	24.29
total	198.0	173.8	222.3	24.29
